'dog',[151, 152, 153, 154, 155, 156, 157, 158, 159, 160, 161, 162, 163, 164, 165, 166, 167, 168, 169, 170, 171, 172, 173, 174, 175, 176, 177, 178, 179, 180, 181, 182, 183, 184, 185, 186, 187, 188, 189, 190, 191, 192, 193, 194, 195, 196, 197, 198, 199, 200, 201, 202, 203, 204, 205, 206, 207, 208, 209, 210, 211, 212, 213, 214, 215, 216, 217, 218, 219, 220, 221, 222, 223, 224, 225, 226, 227, 228, 229, 230, 231, 232, 233, 234, 235, 236, 237, 238, 239, 240, 241, 242, 243, 244, 245, 246, 247, 248, 249, 250, 251, 252, 253, 254, 255, 256, 257, 258, 259, 260, 261, 262, 263, 264, 265, 266, 267, 268]
'bird',[7, 8, 9, 10, 11, 12, 13, 14, 15, 16, 17, 18, 19, 20, 21, 22, 23, 24, 80, 81, 82, 83, 84, 85, 86, 87, 88, 89, 90, 91, 92, 93, 94, 95, 96, 97, 98, 99, 100, 127, 128, 129, 130, 131, 132, 133, 134, 135, 136, 137, 138, 139, 140, 141, 142, 143, 144, 145, 146]
'musical_instrument',[401, 402, 420, 432, 486, 494, 513, 541, 546, 558, 566, 577, 579, 593, 594, 641, 642, 683, 684, 687, 699, 776, 822, 875, 881, 889]
'furnishing',[423, 431, 453, 493, 495, 516, 520, 526, 532, 548, 553, 559, 564, 648, 703, 736, 741, 765, 794, 831, 846, 854, 857, 861, 894]
'motor_vehicle',[407, 408, 436, 468, 511, 555, 569, 573, 575, 609, 627, 656, 661, 665, 675, 717, 734, 751, 803, 817, 864, 867]
'snake',[52, 53, 54, 55, 56, 57, 58, 59, 60, 61, 62, 63, 64, 65, 66, 67, 68]
'fish',[0, 1, 2, 3, 4, 5, 6, 389, 390, 391, 392, 393, 394, 395, 396, 397]
'building',[410, 425, 449, 497, 498, 580, 598, 624, 663, 668, 698, 727, 762, 832]
'saurian',[38, 39, 40, 41, 42, 43, 44, 45, 46, 47, 48]
'ball',[429, 430, 522, 574, 722, 747, 768, 805, 852, 890]
'headdress',[433, 439, 452, 515, 518, 560, 667, 793, 808]
'beetle',[300, 301, 302, 303, 304, 305, 306, 307]
'timepiece',[409, 530, 531, 604, 704, 826, 835, 892]
'shop',[415, 424, 454, 467, 509, 788, 860, 865]
'dish',[925, 926, 933, 934, 962, 963, 964, 965]
'cat',[281, 282, 283, 284, 285, 286, 287]
'weapon',[413, 456, 471, 657, 744, 763, 764]
'bottle',[440, 720, 737, 898, 899, 901, 907]
'fungus',[991, 992, 993, 994, 995, 996, 997]
'spider',[72, 73, 74, 75, 76, 77]
'ship',[403, 510, 628, 724, 833, 913]
'boat',[472, 554, 576, 625, 814, 914]
'turtle',[33, 34, 35, 36, 37]
'bag',[414, 636, 728, 748, 797]
'housing',[500, 660, 663, 698, 915]
'crab',[118, 119, 120, 121]
'wolf',[269, 270, 271, 272]
'fox',[277, 278, 279, 280]
'bear',[294, 295, 296, 297]
'aircraft',[404, 405, 417, 895]
'armor',[465, 490, 524, 787]
'wheel',[479, 694, 723, 739]
'fence',[489, 716, 825, 912]
'personal_computer',[527, 590, 620, 681]
'roof',[538, 853, 858, 884]
'overgarment',[568, 617, 735, 869]
'skirt',[601, 655, 689, 775]
'bread',[930, 931, 932, 962]
'squash',[939, 940, 941, 942]
